[Histogram] hey guys 118419 102061 220480 220480 1 
input 1040166130 1040149048 1040120556 1040095101 1040144602 1040255462 1040347761 1040370652 1040474872 1040548424 1040583743 1040524474 1040408265 1040272256 1040084352 1039857755 1039629596 1039392151 1039198293 1039232257 1039398611 1039712952 1040070641 1040149370 1039804288 1039507051 1039691914 1040007537 1040225638 1040259108 1040219644 1040158678 1040170688 1040201380 1040235263 1040340906 1040447248 1040453364 1040401964 1040384594 1040268538 1040195117 1040162536 1040159030 1040158672 1040158632 1040148885 1040127049 1040074650 1039977098 1039708394 1039294918 1039254817 1039662357 1040269863 1040760396 1041167779 1041466785 1041399719 1041167126 1040852134 1040524985 1040313722 1040245841 1040409370 1040705310 1040990746 1041036168 1040774212 1040478737 1040398134 1040472475 1040601924 1040756820 1040851390 1040841871 1040735470 1040570052 1040411806 1040296552 1040203657 1040137651 1040121053 1040172197 1040228036 1040303829 1040381751 1040443062 1040457417 1040431851 1040361097 1040274098 1040207575 1040153803 1040131242 1040138924 1040150959 1040155822 1040158301 1040159467 
max 1054359038 min 0

scanned 0 0 0 0 1 1 1 2 2 2 2 3 3 4 4 4 5 5 6 7 8 9 9 10 10 10 11 11 12 12 12 12 12 12 12 13 13 13 13 13 13 13 14 14 14 14 14 15 16 16 16 16 16 17 18 19 19 20 21 22 22 22 23 23 24 24 24 24 24 24 25 25 26 26 26 26 27 27 27 27 27 28 29 30 31 31 32 33 33 34 35 36 36 37 38 38 38 39 39 40 
max 102061 min 0

[Histogram] hey guys 110412 110068 220480 220480 2 
input 1040166130 1040149048 1040120556 1040144602 1040255462 1040370652 1040474872 1040548424 1040524474 1040272256 1040084352 1039629596 1039712952 1040149370 1039804288 1039691914 1040225638 1040259108 1040219644 1040158678 1040170688 1040201380 1040340906 1040447248 1040453364 1040401964 1040384594 1040268538 1040162536 1040159030 1040158672 1040158632 1040074650 1039977098 1039708394 1039294918 1040760396 1041167126 1040852134 1040313722 1040409370 1040705310 1040990746 1041036168 1040774212 1040398134 1040601924 1040756820 1040851390 1040735470 1040570052 1040411806 1040296552 1040228036 1040443062 1040274098 1040131242 1040138924 1040155822 1040162394 1040760750 1041475780 1041262808 1041082808 1040637746 1040501424 1040415744 1040329520 1040261530 1040201908 1040187560 1040168008 1040159040 1040114544 1039612270 1039231304 1037778302 1037912890 1038563204 1038962874 1039625708 1039876712 1040170642 1040158298 1040180446 1040242974 1040292836 1040431996 1040503420 1040537918 1040534784 1040502042 1040444348 1040351492 1040229638 1040036164 1040191864 1040149332 1040039472 1039904208 
max 1054359038 min 0

scanned 0 1 1 1 2 3 3 3 3 4 4 4 4 4 5 5 6 7 7 7 8 8 8 9 9 9 9 10 11 11 12 12 12 13 14 15 16 16 17 18 19 20 21 22 22 22 23 23 23 24 25 25 26 26 26 27 28 29 29 30 31 32 32 32 32 33 33 33 33 34 34 34 34 34 34 35 35 36 37 37 38 38 38 39 40 41 42 42 42 42 43 43 44 44 44 45 45 45 45 45 
max 110067 min 0

[Histogram] hey guys 109934 110546 220480 220480 4 
input 1040149048 1040120556 1040370652 1040474872 1040548424 1040272256 1040084352 1039629596 1039712952 1039804288 1040259108 1040219644 1040170688 1040201380 1040447248 1040453364 1040401964 1040162536 1040158672 1040158632 1040760396 1041036168 1040774212 1040601924 1040756820 1040570052 1040296552 1040228036 1040138924 1041475780 1041262808 1041082808 1040501424 1040415744 1040329520 1040201908 1040187560 1040168008 1040159040 1040114544 1039231304 1038563204 1039625708 1039876712 1040292836 1040431996 1040503420 1040534784 1040444348 1040351492 1040036164 1040191864 1040149332 1040039472 1039904208 1039822236 1040252996 1040319652 1040506456 1040286148 1040156004 1040159232 1041502444 1042024068 1040231140 1040165656 1040139452 1037402092 1040653424 1040568724 1040335584 1040284528 1040302788 1040354948 1039146788 1038680048 1038925032 1039837960 1040334940 1040437764 1040174304 1040200016 1040399284 1040687672 1041077136 1040381408 1040279028 1040339448 1040389408 1040400372 1040154368 1040154952 1040151904 1039760684 1038702712 1034356680 1038045496 1039914408 1040162780 1040171408 
max 1054359038 min 0

scanned 0 0 1 2 2 2 2 2 3 3 3 4 5 5 6 6 7 8 8 8 8 9 9 10 11 12 13 13 14 15 16 16 16 16 16 16 17 17 17 17 17 17 18 19 19 20 21 22 22 23 24 25 25 26 26 26 27 28 29 29 30 31 31 32 33 34 34 35 36 36 37 37 37 38 39 40 40 40 40 41 42 42 42 43 43 43 43 44 44 44 45 45 45 45 46 46 46 46 46 47 
max 110546 min 0

[Histogram] hey guys 110166 110314 220480 220480 8 
input 1040149048 1040474872 1040548424 1040272256 1040084352 1039712952 1039804288 1040170688 1040447248 1040162536 1040158672 1040158632 1041036168 1040296552 1041262808 1041082808 1040501424 1040415744 1040329520 1040187560 1040168008 1040159040 1040114544 1039231304 1039876712 1040534784 1040191864 1040039472 1039904208 1040506456 1040159232 1040165656 1040653424 1040335584 1040284528 1038680048 1038925032 1039837960 1040174304 1040200016 1040687672 1041077136 1040381408 1040339448 1040389408 1040154368 1040154952 1040151904 1038702712 1034356680 1038045496 1039914408 1040171408 1040158712 1038955240 1038587096 1037066312 1039662880 1040173464 1040170152 1040211800 1040150928 1040149864 1040132576 1040051776 1038636088 1040333248 1040053928 1040130776 1039999624 1040265288 1040225592 1040156960 1039635512 1040694456 1040311608 1041050864 1040179632 1040160520 1040158808 1040158176 1040209672 1040627984 1040158512 1039940584 1038856232 1040200752 1040194032 1040175696 1039984640 1040381240 1040275248 1041233120 1040213648 1040149024 1037835392 1039870032 1040843168 1040692272 1040343648 
max 1054359038 min 0

scanned 0 1 2 3 3 3 4 4 4 4 5 5 6 7 8 9 10 10 10 10 11 12 12 12 13 14 14 15 15 15 16 16 17 17 17 17 17 18 19 19 19 20 20 20 21 21 21 22 22 23 24 25 26 26 27 28 29 30 30 31 32 33 33 34 34 34 35 35 36 37 38 39 40 40 41 42 43 43 43 44 45 45 46 46 46 47 48 48 48 48 48 49 49 49 49 49 49 49 49 49 
max 110313 min 0

[Histogram] hey guys 110553 109927 220480 220480 16 
input 1040272256 1040084352 1039804288 1040170688 1040447248 1040158672 1040501424 1040415744 1040329520 1040159040 1040114544 1040534784 1040039472 1039904208 1040159232 1040653424 1040335584 1040284528 1038680048 1040174304 1040200016 1041077136 1040381408 1040389408 1040154368 1040151904 1040171408 1039662880 1040150928 1040132576 1040051776 1040333248 1040156960 1041050864 1040179632 1040158176 1040627984 1040158512 1040200752 1040194032 1040175696 1039984640 1040275248 1041233120 1040213648 1040149024 1037835392 1039870032 1040843168 1040692272 1040343648 1040055104 1039273328 1040935856 1040389312 1040224960 1038949392 1040159760 1040193376 1039285520 1040313712 1039398416 1040083824 1040707056 1040647984 1040827936 1040579264 1040235568 1040201888 1039152640 1040351536 1040543408 1040120256 1040289248 1040199920 1040002048 1040274480 1037358256 1040412832 1041330992 1039853408 1040384704 1040146400 1040311456 1040344624 1040144736 1037912640 1040201088 1040181760 1040168336 1040175248 1040256304 1040110544 1039609936 1040171904 1039922832 1040068896 1040007136 1039995680 1040007488 
max 1054359038 min 0

scanned 0 0 0 0 0 1 2 3 3 4 4 5 5 6 7 7 8 8 9 10 10 11 12 12 12 12 12 13 13 14 14 14 14 14 15 16 16 17 18 19 20 21 21 22 22 23 23 23 24 24 25 25 25 26 27 27 27 28 29 29 30 31 32 33 34 35 35 35 36 36 36 37 38 38 38 39 39 40 41 41 42 42 42 42 42 43 43 43 43 43 44 45 46 47 48 48 49 49 49 49 
max 109926 min 0

[Histogram] hey guys 110356 110124 220480 220480 32 
input 1040272256 1040084352 1039804288 1040170688 1040415744 1040159040 1040534784 1040159232 1040335584 1040174304 1040381408 1040389408 1040154368 1040151904 1039662880 1040132576 1040051776 1040333248 1040156960 1040158176 1039984640 1041233120 1040149024 1037835392 1040843168 1040343648 1040055104 1040389312 1040224960 1040193376 1040827936 1040579264 1040201888 1039152640 1040120256 1040289248 1040002048 1040412832 1039853408 1040384704 1040146400 1040311456 1040144736 1037912640 1040201088 1040181760 1040171904 1040068896 1040007136 1039995680 1040007488 1040277696 1041268768 1040661632 1040156960 1039887584 1039156352 1040493632 1040247488 1040211264 1039745152 1040201216 1040015456 1040172416 1040817056 1040984768 1040158688 1040167584 1040159424 1040254272 1040295616 1039971104 1040157280 1040021472 1041670816 1040096512 1040265632 1040149216 1040228224 1040419840 1040801792 1040815744 1040173664 1040158912 1040196704 1039717920 1040151680 1040128896 1040152096 1041908672 1039643840 1039880576 1039687424 1039844576 1039819552 1039523712 1040083360 1040048480 1041115136 1040661024 
max 1054359038 min 0

scanned 0 0 0 0 0 0 0 0 0 1 2 3 4 4 5 6 7 7 7 8 9 9 10 11 11 12 13 13 13 13 14 15 15 16 16 16 17 17 18 19 19 20 21 22 22 22 22 22 23 24 25 25 25 26 26 27 28 28 28 28 28 28 28 29 29 30 30 31 32 32 32 32 33 34 35 36 36 37 38 38 38 38 38 39 39 40 41 41 41 42 42 42 42 42 43 44 44 45 46 46 
max 110124 min 0

[Histogram] hey guys 110644 109836 220480 220480 64 
input 1040272256 1040084352 1039804288 1040170688 1040415744 1040159040 1040534784 1040159232 1040154368 1040051776 1040333248 1039984640 1037835392 1040055104 1040389312 1040224960 1040579264 1039152640 1040120256 1040002048 1040384704 1037912640 1040201088 1040181760 1040171904 1040007488 1040277696 1040661632 1039156352 1040493632 1040247488 1040211264 1039745152 1040201216 1040172416 1040984768 1040159424 1040254272 1040295616 1040096512 1040228224 1040419840 1040801792 1040815744 1040158912 1040151680 1040128896 1041908672 1039643840 1039880576 1039687424 1039523712 1041115136 1040147968 1040173696 1038878912 1041338816 1040477376 1040198400 1040193024 1040157568 1040463616 1039902464 1039784192 1040188416 1040205952 1040554240 1040214272 1040160448 1041313984 1038759936 1040429376 1040160384 1040156736 1040147072 1040457280 1041527104 1040235008 1040159104 1040165376 1040172928 1040158464 1039973120 1041152320 1040074944 1040158208 1040628544 1040383936 1040159936 1040174144 1043831040 1039835712 1041404608 1040281536 1039917696 1040024256 1040112192 1040587776 1040181312 1040448128 
max 1054359038 min 0

scanned 0 0 0 0 1 1 2 2 2 2 3 4 4 4 5 6 7 8 8 9 9 10 11 11 11 11 12 13 13 13 14 15 16 16 16 16 17 18 19 20 20 20 20 20 20 21 21 21 22 23 23 23 23 23 23 23 24 25 26 26 26 26 26 26 26 26 26 26 26 27 28 28 29 29 30 30 31 32 32 32 32 32 32 32 33 34 34 35 36 37 38 38 39 40 41 41 42 43 43 44 
max 109835 min 0

[Histogram] hey guys 110227 110253 220480 220480 128 
input 1040272256 1040084352 1039804288 1040415744 1040534784 1040159232 1040154368 1039984640 1037835392 1039152640 1040002048 1040201088 1040181760 1040171904 1040661632 1039156352 1039745152 1040201216 1040172416 1040096512 1040228224 1040419840 1040801792 1040815744 1040151680 1040128896 1039880576 1039687424 1039523712 1041115136 1040147968 1040173696 1040198400 1040193024 1040157568 1040463616 1039902464 1039784192 1040188416 1040205952 1040554240 1040214272 1038759936 1040160384 1040147072 1040235008 1040159104 1040165376 1040172928 1040158464 1039973120 1040158208 1043831040 1039917696 1040587776 1040448128 1040139904 1040562176 1040279296 1041082624 1040087424 1040233984 1040205824 1040130432 1040611328 1040434944 1040267776 1041036544 1040136832 1040574976 1041165696 1039436928 1040059136 1039822208 1040041728 1040159616 1039197440 1040743040 1040119552 1040193792 1040656128 1040843904 1040597632 1038935040 1040462208 1040158464 1039956480 1040169600 1041154944 1040468608 1041021184 1040210816 1040043136 1039947904 1040666112 1042209536 1040878720 1040436480 1040183168 1042293248 
max 1054359038 min 0

scanned 0 1 2 3 3 3 3 3 3 4 4 4 5 5 6 7 8 9 9 10 10 11 11 11 12 13 14 15 15 16 16 16 17 17 17 18 18 18 18 18 19 19 19 19 20 21 21 22 22 23 23 23 23 23 24 24 25 26 26 26 26 27 27 27 28 28 28 28 28 29 29 30 31 31 32 32 33 33 34 34 34 34 35 36 36 37 37 37 38 39 40 40 41 42 43 43 43 44 44 45 
max 110253 min 0

[Histogram] hey guys 110484 109996 220480 220480 256 
input 1040415744 1040534784 1040159232 1040154368 1039984640 1039152640 1040002048 1040181760 1040201216 1040096512 1040419840 1040801792 1039687424 1041115136 1040147968 1040198400 1040193024 1040463616 1039902464 1039784192 1040188416 1040554240 1040214272 1038759936 1040235008 1040165376 1040158464 1039973120 1040158208 1043831040 1040587776 1040562176 1040279296 1041082624 1040233984 1040205824 1040611328 1040434944 1040267776 1041036544 1040574976 1040059136 1040041728 1039197440 1040119552 1040193792 1040656128 1038935040 1040158464 1039956480 1041021184 1040666112 1042209536 1040436480 1042293248 1039938560 1040269568 1040358912 1041046784 1040178176 1040175104 1040157184 1040259840 1041207808 1041185792 1040161536 1041927680 1040875008 1041172992 1040176640 1040037632 1040156672 1039230208 1040541952 1040304384 1040284416 1040115968 1040102912 1040931328 1040116224 1039688704 1040271872 1039715072 1040536832 1041122304 1040060416 1040431104 1039054080 1041052928 1038484992 1040066816 1040068096 1039799552 1039958272 1039965440 1040154880 1040253952 1041048064 1040174592 1042741504 
max 1054359038 min 0

scanned 0 0 1 1 2 2 2 2 2 2 3 3 3 4 4 4 5 5 6 7 8 8 9 10 10 10 10 11 12 12 13 13 13 14 15 15 15 15 16 16 17 17 18 19 20 21 22 23 23 24 24 25 25 26 27 27 27 28 28 29 29 29 29 30 30 30 31 31 31 31 31 32 32 33 34 35 36 37 37 37 37 37 37 38 39 39 39 39 40 41 41 42 42 43 44 45 46 46 46 46 
max 109996 min 0

[Histogram] hey guys 110762 109718 220480 220480 512 
input 1040415744 1040159232 1039984640 1039152640 1040002048 1040181760 1040201216 1040419840 1040801792 1041115136 1040147968 1040193024 1040188416 1038759936 1040235008 1040165376 1040158208 1040587776 1040562176 1040233984 1040205824 1040611328 1040267776 1040574976 1038935040 1039956480 1040666112 1042293248 1039938560 1040358912 1040178176 1040175104 1040157184 1041207808 1041185792 1041927680 1040875008 1041172992 1040176640 1040156672 1040102912 1040931328 1040116224 1039688704 1040271872 1041122304 1040060416 1040431104 1038484992 1040068096 1040253952 1041048064 1040174592 1039632896 1040086016 1039888896 1040654848 1042098688 1043616768 1042313728 1040068096 1040859136 1041015808 1040191488 1042210816 1040162816 1042617344 1040313856 1040117248 1040277504 1042290688 1043505664 1041901568 1040071168 1043088384 1040649728 1042536960 1042511872 1035668992 1040305664 1040491520 1040973312 1041921024 1042262528 1040571904 1041623040 1039939584 1043677696 1040311296 1041519616 1040414208 1041509888 1039927296 1041307136 1040135168 1041315328 1041049088 1040161280 1042488320 1039296000 
max 1054359038 min 0

scanned 0 0 1 1 2 2 3 4 4 4 4 5 6 6 6 7 8 9 9 9 10 10 10 11 12 12 13 14 15 15 16 16 16 17 18 18 19 20 21 22 22 23 24 25 25 26 26 26 26 27 28 28 29 30 31 31 32 33 34 34 35 36 36 36 36 36 36 36 37 38 38 38 39 39 40 40 41 42 42 43 44 44 45 45 46 47 47 47 48 48 48 49 50 50 51 51 52 53 54 54 
max 109717 min 0

[Histogram] hey guys 110319 110161 220480 220480 1024 
input 1040415744 1039984640 1040002048 1040419840 1040801792 1041115136 1040188416 1038759936 1040587776 1040562176 1040205824 1040611328 1038935040 1039938560 1040178176 1040175104 1041185792 1040156672 1039688704 1041122304 1040060416 1040431104 1040253952 1040086016 1043616768 1040859136 1041015808 1040191488 1042210816 1040162816 1042617344 1040277504 1042290688 1041901568 1043088384 1042511872 1040491520 1041921024 1041623040 1039939584 1040311296 1041519616 1039927296 1040135168 1042488320 1039904768 1042949120 1039720448 1040157696 1042228224 1041135616 1040204800 1040402432 1038873600 1040159744 1039374336 1040892928 1040130048 1040925696 1040698368 1039869952 1040410624 1040174080 1039614976 1040195584 1040900096 1040240640 1039887360 1039363072 1040371712 1040204800 1040157696 1040221184 1040270336 1040065536 1040425984 1040131072 1040183296 1039721472 1038339072 1038082048 1039838208 1040464896 1040184320 1038997504 1040163840 1031296000 1038957568 1040292864 1040355328 1039841280 1039065088 1038780416 1040191488 1039876096 1040362496 1039609856 1040251904 1041463296 1039759360 
max 1054359038 min 0

scanned 0 1 1 2 3 3 3 4 4 5 5 5 5 6 7 8 8 9 9 10 11 11 11 12 13 14 14 15 15 15 15 16 16 16 16 17 17 18 19 19 19 20 21 21 22 23 23 24 24 25 26 26 27 27 28 29 29 30 30 31 32 32 32 33 34 34 34 34 35 36 36 37 38 39 40 41 42 43 43 44 45 45 46 47 48 48 49 50 51 52 52 52 52 52 52 52 53 53 54 54 
max 110161 min 0

[Histogram] hey guys 109927 110553 220480 220480 2048 
input 1039984640 1040801792 1041115136 1038759936 1040562176 1040205824 1040611328 1040175104 1040156672 1040060416 1040431104 1040859136 1040191488 1042210816 1040162816 1040277504 1042290688 1041901568 1042511872 1041623040 1039939584 1039927296 1039904768 1039720448 1041135616 1040402432 1039374336 1040130048 1039869952 1040410624 1040195584 1040900096 1040240640 1040371712 1040183296 1038082048 1038997504 1040355328 1039841280 1039065088 1038780416 1040191488 1039876096 1039609856 1041463296 1039759360 1040351232 1040306176 1040721920 1040502784 1032501248 1039839232 1040404480 0 1040627712 1040269312 1041332224 1037307904 1038352384 1044107264 1040228352 1040242688 1041350656 1040545792 1039818752 1040246784 1042147328 1040773120 1037035520 1040130048 1040912384 1039984640 1040132096 1044019200 1040003072 1037092864 1039427584 1039734784 1040119808 1039931392 1040195584 1038823424 1040150528 1040103424 1040398336 1039675392 1040132096 1038139392 1040162816 1040158720 1040193536 1041029120 1040027648 1040236544 1040943104 1039925248 1040795648 1043562496 1038899200 1041772544 
max 1054359038 min 0

scanned 0 1 1 2 3 4 5 6 6 7 7 8 8 8 8 8 8 9 10 11 12 13 14 14 14 15 16 17 17 18 19 19 19 19 19 19 19 20 20 21 21 22 22 22 22 23 24 24 24 25 25 26 26 26 26 27 27 28 28 28 28 28 29 29 30 30 31 32 32 33 33 33 34 35 36 36 37 38 39 40 41 41 41 41 42 43 43 44 44 44 44 45 46 46 46 47 47 48 48 49 
max 110552 min 0

[Histogram] hey guys 110507 109973 220480 220480 4096 
input 1040801792 1040175104 1040060416 1040859136 1040191488 1042210816 1040162816 1040277504 1039904768 1039720448 1040130048 1040195584 1040900096 1040240640 1040371712 1040183296 1038082048 1040355328 1039065088 1040191488 1039876096 1039609856 1040351232 1040306176 1040502784 1039839232 1040404480 0 1040269312 1037307904 1038352384 1044107264 1040228352 1041350656 1039818752 1040773120 1040130048 1040912384 1040003072 1040195584 1038823424 1040150528 1039675392 1038139392 1040162816 1040158720 1040027648 1040236544 1039925248 1043562496 1041772544 1039998976 1040510976 1037316096 1041379328 1039949824 1039147008 1040203776 1041920000 1040252928 1038381056 1041108992 1038655489 1040318465 1040142337 1040158721 1040158721 1041526785 1040355329 1040281601 1042333697 1040568321 1039884289 1040924673 1040748545 1039900673 1040150529 1042059265 1041698817 1040015361 1040203777 1040605185 1040355329 1040117761 1040146433 1039695873 1040461825 1040121857 1040502785 1040314369 1038540801 1040486401 1039917057 1039982593 1042743297 1040158721 1040699393 1042079745 1041338369 1039888385 
max 1054359038 min 0

scanned 0 0 1 2 2 3 3 3 3 4 4 4 4 4 5 6 7 7 8 8 9 9 10 10 11 12 13 14 14 14 15 15 16 16 16 16 17 17 18 19 19 20 21 22 22 22 23 24 24 24 24 25 25 26 27 28 28 28 28 29 29 30 31 31 31 32 33 34 35 36 37 37 38 38 38 39 39 40 41 42 42 42 42 43 44 44 44 45 45 46 47 47 48 48 48 48 49 50 50 51 
max 109973 min 0

[Histogram] hey guys 112250 108230 220480 220480 8192 
input 1040801792 1040859136 1042210816 1040162816 1040277504 1039720448 1040130048 1040195584 1040900096 1038082048 1039065088 1039876096 1040351232 0 1040269312 1038352384 1040228352 1041350656 1039818752 1040130048 1040195584 1038139392 1040162816 1040236544 1039925248 1043562496 1039998976 1039949824 1039147008 1040203776 1040252928 1038655489 1040318465 1042333697 1039884289 1040924673 1039900673 1040015361 1040203777 1040605185 1040146433 1039695873 1040121857 1038540801 1039917057 1039982593 1042743297 1042079745 1039392769 1033486337 1040392193 1039925249 1040703489 1039933441 1040359425 1036705793 1039728641 1041080321 1040252929 1040400386 1040187394 1040646146 1043742722 1043316738 1040220162 1040171010 1034240002 1039884290 1038737410 1033560066 1039589378 1040211970 1040236546 1041571842 1042792450 1037205506 1040162818 1037508610 1040154626 1040048130 1039982594 1040113666 1040785410 1040064514 1040203778 1040211970 1039360002 1039859714 1040343042 1040867330 1040203779 1040130051 1042153475 1040375811 1040351235 1040433155 1040203779 1040203779 1040318467 1040138243 
max 1054359038 min 0

scanned 0 1 1 2 3 4 5 6 7 8 9 10 10 10 10 10 10 11 11 12 13 14 14 15 15 15 15 16 17 18 18 18 19 19 19 20 20 21 22 22 23 24 24 24 25 26 27 27 28 29 29 30 30 31 32 33 34 34 35 35 35 35 35 35 35 35 35 35 36 37 38 39 40 40 41 41 41 42 43 43 44 45 46 47 48 48 49 50 50 51 52 52 53 53 54 54 54 54 54 54 
max 108229 min 0

[Histogram] hey guys 113581 106899 220480 220480 16384 
input 1040859136 1039876096 1040351232 0 1040269312 1038352384 1041350656 1038139392 1040236544 1039925248 1043562496 1040203776 1040252928 1040318465 1042333697 1040924673 1040203777 1039695873 1040121857 1042743297 1033486337 1039925249 1039728641 1040252929 1040400386 1040187394 1040646146 1043742722 1043316738 1040220162 1040171010 1034240002 1040236546 1042792450 1037205506 1040154626 1040203778 1039859714 1040203779 1042153475 1040351235 1040433155 1040203779 1040203779 1040318467 1040138243 1040351235 1040056323 1036976131 1036926979 1039777795 1037565955 1040203779 1040121860 1040154628 1041465348 1041956868 1040744452 1040302084 1040449540 1041039364 1042350084 1040154628 1040171012 1042743300 1042399236 1040187396 1040400388 1040285700 1042055172 1040089092 1040318468 1042923524 1040252933 1040154629 1041186821 1040564229 1040138245 1043759109 1041629189 1040154629 1041498117 1038778373 1040187398 1040662534 1040187398 1040269318 1040154630 1039613958 1040187398 1040121862 1040154630 1041219590 1040973830 1043234822 1042857990 1040154630 1039646726 1039351814 1040105478 
max 1054359038 min 0

scanned 0 1 2 2 2 3 3 4 5 6 6 6 7 7 7 8 9 10 10 10 10 11 11 11 11 12 12 12 13 14 14 15 16 17 18 18 18 19 19 20 20 20 21 22 23 23 24 24 24 24 25 26 26 27 27 27 27 27 27 28 28 28 28 28 29 29 30 30 31 31 31 31 31 32 32 32 33 34 35 35 35 35 35 35 35 36 36 37 37 38 38 38 38 39 39 39 40 40 41 42 
max 106898 min 0

[Histogram] hey guys 108973 111507 220480 220480 32768 
input 1040351232 0 1038352384 1039925248 1043562496 1040252928 1040318465 1039695873 1040121857 1042743297 1039925249 1039728641 1040252929 1040187394 1040646146 1040220162 1037205506 1040154626 1039859714 1042153475 1040351235 1040318467 1040351235 1040056323 1036976131 1037565955 1040121860 1040154628 1041465348 1041956868 1040744452 1040449540 1041039364 1042350084 1040154628 1042743300 1040187396 1040285700 1042055172 1040089092 1040318468 1040252933 1040154629 1043759109 1041629189 1040154629 1041498117 1038778373 1040187398 1040187398 1040154630 1040187398 1040121862 1040154630 1040973830 1043234822 1040154630 1041498118 1041399814 1040252934 1040220167 1041137671 1039925255 1038909447 1043464199 1040154632 1038647304 1039007752 1029242888 1040220168 1038549000 1041989640 1039597576 1039073288 1040973833 1041858569 1042087945 1040252937 1040416777 1040285705 1040154633 1040154633 1040318473 1036976137 1039335433 1043333130 1041235978 1040121866 1040285706 1040154634 1041334282 1042874378 1040121866 1040121866 1040384010 1037991946 1040187403 1040089099 1039859723 1041072139 
max 1054359038 min 0

scanned 0 1 1 1 1 2 2 2 3 3 3 3 3 3 3 3 4 5 6 6 6 7 7 8 8 8 8 8 9 10 10 11 11 11 11 12 12 12 13 14 15 15 15 16 17 17 18 18 19 19 19 20 20 20 21 21 22 23 23 24 24 25 26 26 27 27 28 29 29 29 30 30 31 31 31 31 32 32 32 33 34 35 36 36 36 36 36 36 36 37 38 39 39 39 39 39 40 40 41 41 
max 111507 min 0

[Histogram] hey guys 104783 115697 220480 220480 65536 
input 0 1038352384 1039925248 1040252928 1040318465 1040121857 1042743297 1039925249 1039728641 1040252929 1040187394 1040646146 1039859714 1042153475 1040318467 1040056323 1036976131 1037565955 1040121860 1041956868 1040449540 1041039364 1042350084 1042743300 1040187396 1040318468 1040252933 1041629189 1041498117 1040187398 1040187398 1040187398 1040121862 1040973830 1041498118 1040252934 1039925255 1043464199 1039007752 1029242888 1038549000 1039597576 1039073288 1040973833 1042087945 1040252937 1040318473 1036976137 1039335433 1043333130 1041235978 1040121866 1042874378 1040121866 1040121866 1040384010 1040187403 1039859723 1040187403 1040252940 1037959180 1036124172 1041432590 1040187406 1039794190 1035599886 1037893646 1040515086 1042481167 1040515087 1039925263 1040187407 1039007760 1040252944 1040056336 1039007760 1039990801 1040187409 1040187409 1040515089 1033437202 1039794194 1040187410 1032716308 1039400980 1040056340 1039794197 1043070997 1042284565 1040646166 1040121878 1040187414 1041170454 1040187415 1040515095 1040121879 1040384024 1040580632 1037565976 1039859736 
max 1054359038 min 0

scanned 0 0 0 0 1 1 2 3 3 4 5 5 6 7 7 7 7 8 8 9 10 10 11 12 13 13 13 14 14 14 14 14 14 15 15 15 16 16 16 16 17 18 19 20 20 21 22 22 23 24 24 24 25 26 27 28 29 29 30 30 31 31 31 32 32 32 32 33 34 35 36 36 36 36 37 37 37 38 38 38 39 40 40 40 40 40 40 40 40 40 41 42 42 43 43 44 45 46 46 46 
max 115696 min 0

[Histogram] hey guys 103860 116620 220480 220480 131072 
input 0 1038352384 1039925248 1040318465 1039925249 1040187394 1042153475 1040318467 1040056323 1037565955 1040449540 1040187396 1040318468 1041629189 1041498117 1040187398 1040187398 1040187398 1040973830 1041498118 1039925255 1043464199 1039007752 1040973833 1040318473 1043333130 1041235978 1040187403 1040187403 1037959180 1036124172 1040187406 1039794190 1035599886 1039925263 1040187407 1039007760 1040056336 1039007760 1040187409 1040187409 1039794194 1040187410 1032716308 1039400980 1040056340 1039794197 1043070997 1042284565 1040187414 1040187415 1040580632 1037565976 1040318489 1040056346 1041498138 1040187419 1038745627 1040973851 1040187419 1041760283 1038745628 1040056348 1037041692 1040580636 1039400989 1041104926 1040056350 1040973855 1040580640 1040187424 1040318497 1040056353 1040187425 1040318498 1040187426 1039925282 1040187426 1039269922 1037828131 1039138853 1040187430 1040056359 1038090279 1039532071 1040187431 1040318504 1041236008 1040973865 1040187433 1036648489 1037959210 1040187434 1036124202 1040187435 1041760300 1040187437 1040187437 1040187438 1040842798 
max 1054359038 min 0

scanned 0 0 0 0 1 1 1 2 3 4 4 4 4 5 6 6 6 6 6 6 6 6 7 8 8 9 9 9 9 9 10 11 11 12 13 13 13 14 15 16 16 16 17 17 18 18 19 20 20 20 20 20 21 21 22 23 23 23 24 24 24 24 25 26 26 27 27 28 29 29 30 30 31 32 32 33 33 33 33 34 34 34 34 35 35 36 36 37 37 37 37 38 39 39 40 40 40 40 40 40 
max 116619 min 0

[Histogram] hey guys 105940 114540 220480 220480 262144 
input 0 1038352384 1039925248 1039925249 1040187394 1037565955 1040449540 1040187396 1041498117 1040187398 1040187398 1040187398 1040973830 1041498118 1039925255 1040973833 1043333130 1041235978 1040187403 1040187403 1040187406 1039925263 1040187407 1040187409 1040187409 1040187410 1039400980 1043070997 1042284565 1040187414 1040187415 1037565976 1041498138 1040187419 1040973851 1040187419 1041760283 1037041692 1039400989 1040973855 1040187424 1040187425 1040187426 1039925282 1040187426 1037828131 1039138853 1040187430 1038090279 1040187431 1041236008 1040973865 1040187433 1040187434 1040187435 1041760300 1040187437 1040187437 1040187438 1040187438 1040187439 1040187442 1040187443 1043333173 1040187445 1039401014 1042546742 1040187447 1039925303 1040187447 1040187447 1040449592 1042808888 1041236025 1040711737 1040187450 1040187450 1040187451 1042546748 1040187454 1034944574 1040449599 1039663169 1040187457 1040187457 1040187458 1040187458 1040187459 1040187461 1034682437 1040187461 1039925317 1039925318 1042284614 1040187462 1039663175 1040187463 1040973895 1040187464 1040187464 
max 1054359038 min 0

scanned 0 0 1 2 3 3 3 4 4 5 5 5 5 6 7 8 9 9 9 9 9 9 10 10 10 10 10 11 12 12 12 12 12 13 13 14 14 14 14 15 16 16 16 16 17 17 18 18 18 18 18 18 19 19 19 19 19 19 19 19 19 19 19 19 19 19 20 21 21 22 22 22 23 23 23 23 23 23 23 24 24 24 25 25 25 25 25 25 25 25 26 26 27 28 28 28 28 28 29 29 
max 114539 min 0

[Histogram] hey guys 108621 111859 220480 220480 524288 
input 0 1040187394 1037565955 1040187396 1040187398 1040187398 1040187398 1043333130 1041235978 1040187403 1040187403 1040187406 1040187407 1040187409 1040187409 1040187410 1042284565 1040187414 1040187415 1037565976 1040187419 1040187419 1041760283 1037041692 1040187424 1040187425 1040187426 1040187426 1039138853 1040187430 1038090279 1040187431 1041236008 1040187433 1040187434 1040187435 1041760300 1040187437 1040187437 1040187438 1040187438 1040187439 1040187442 1040187443 1043333173 1040187445 1040187447 1040187447 1040187447 1042808888 1041236025 1040711737 1040187450 1040187450 1040187451 1040187454 1034944574 1039663169 1040187457 1040187457 1040187458 1040187458 1040187459 1040187461 1040187461 1042284614 1040187462 1039663175 1040187463 1040187464 1040187464 1040187464 1040187464 1039138888 1038090312 1040187467 1040187469 1040187471 1037566032 1040187477 1039663190 1040187479 1040187481 1040187482 1040187483 1040187483 1040187484 1040187485 1040187485 1040187486 1040187488 1040711776 1040187489 1039663204 1040187492 1040187493 1040187499 1040187500 1040187501 1040187504 
max 1054359038 min 0

scanned 0 0 0 1 1 1 1 1 1 1 1 1 1 1 1 1 1 1 1 1 2 2 2 3 3 3 3 3 3 3 3 3 3 3 3 3 3 4 4 4 4 4 4 4 4 4 4 4 4 4 5 5 6 6 6 6 6 6 7 7 7 7 7 7 7 7 7 7 8 8 8 8 8 8 8 8 8 8 8 9 9 10 10 10 10 10 10 10 10 10 10 10 11 11 12 12 12 12 12 12 
max 111858 min 0

[Histogram] hey guys 111632 108848 220480 220480 1048576 
input 0 1040187394 1040187396 1040187398 1040187398 1040187398 1043333130 1041235978 1040187403 1040187403 1040187406 1040187407 1040187409 1040187409 1040187410 1042284565 1040187414 1040187415 1040187419 1040187419 1037041692 1040187424 1040187425 1040187426 1040187426 1039138853 1040187430 1038090279 1040187431 1041236008 1040187433 1040187434 1040187435 1040187437 1040187437 1040187438 1040187438 1040187439 1040187442 1040187443 1043333173 1040187445 1040187447 1040187447 1040187447 1041236025 1040187450 1040187450 1040187451 1040187454 1034944574 1040187457 1040187457 1040187458 1040187458 1040187459 1040187461 1040187461 1042284614 1040187462 1040187463 1040187464 1040187464 1040187464 1040187464 1039138888 1038090312 1040187467 1040187469 1040187471 1040187477 1040187479 1040187481 1040187482 1040187483 1040187483 1040187484 1040187485 1040187485 1040187486 1040187488 1040187489 1040187492 1040187493 1040187499 1040187500 1040187501 1040187504 1040187507 1040187507 1040187507 1041236084 1040187509 1040187510 1040187510 1041236095 1039138946 1043333252 1040187525 1040187525 
max 1054359038 min 0

scanned 0 0 0 0 0 0 0 1 2 2 2 2 2 2 2 2 2 2 2 2 2 3 3 3 3 3 4 4 4 4 5 5 5 5 5 5 5 5 5 5 5 6 6 6 6 6 7 7 7 7 7 8 8 8 8 8 8 8 8 8 8 8 8 8 8 8 9 9 9 9 9 9 9 9 9 9 9 9 9 9 9 9 9 9 9 9 9 9 9 9 9 9 10 10 10 10 11 12 13 13 
max 108847 min 0

[Histogram] hey guys 114259 106221 220480 220480 2097152 
input 0 1040187394 1040187396 1040187398 1040187398 1040187398 1040187403 1040187403 1040187406 1040187407 1040187409 1040187409 1040187410 1042284565 1040187414 1040187415 1040187419 1040187419 1040187424 1040187425 1040187426 1040187426 1040187430 1038090279 1040187431 1040187433 1040187434 1040187435 1040187437 1040187437 1040187438 1040187438 1040187439 1040187442 1040187443 1040187445 1040187447 1040187447 1040187447 1040187450 1040187450 1040187451 1040187454 1040187457 1040187457 1040187458 1040187458 1040187459 1040187461 1040187461 1042284614 1040187462 1040187463 1040187464 1040187464 1040187464 1040187464 1038090312 1040187467 1040187469 1040187471 1040187477 1040187479 1040187481 1040187482 1040187483 1040187483 1040187484 1040187485 1040187485 1040187486 1040187488 1040187489 1040187492 1040187493 1040187499 1040187500 1040187501 1040187504 1040187507 1040187507 1040187507 1040187509 1040187510 1040187510 1040187525 1040187525 1040187529 1040187531 1040187532 1040187532 1040187538 1040187543 1040187544 1040187546 1040187546 1040187549 1040187549 1040187550 1040187552 
max 1054359038 min 0

scanned 0 0 0 0 0 0 0 0 0 0 0 0 0 0 1 1 1 1 1 1 1 1 1 1 2 2 2 2 2 2 2 2 2 2 2 2 2 2 2 2 2 2 2 2 2 2 2 2 2 2 2 3 3 3 3 3 3 3 4 4 4 4 4 4 4 4 4 4 4 4 4 4 4 4 4 4 4 4 4 4 4 4 4 4 4 4 4 4 4 4 4 4 4 4 4 4 4 4 4 4 
max 106220 min 0

[Histogram] hey guys 116575 103905 220480 220480 4194304 
input 0 1040187394 1040187396 1040187398 1040187398 1040187398 1040187403 1040187403 1040187406 1040187407 1040187409 1040187409 1040187410 1040187414 1040187415 1040187419 1040187419 1040187424 1040187425 1040187426 1040187426 1040187430 1040187431 1040187433 1040187434 1040187435 1040187437 1040187437 1040187438 1040187438 1040187439 1040187442 1040187443 1040187445 1040187447 1040187447 1040187447 1040187450 1040187450 1040187451 1040187454 1040187457 1040187457 1040187458 1040187458 1040187459 1040187461 1040187461 1040187462 1040187463 1040187464 1040187464 1040187464 1040187464 1040187467 1040187469 1040187471 1040187477 1040187479 1040187481 1040187482 1040187483 1040187483 1040187484 1040187485 1040187485 1040187486 1040187488 1040187489 1040187492 1040187493 1040187499 1040187500 1040187501 1040187504 1040187507 1040187507 1040187507 1040187509 1040187510 1040187510 1040187525 1040187525 1040187529 1040187531 1040187532 1040187532 1040187538 1040187543 1040187544 1040187546 1040187546 1040187549 1040187549 1040187550 1040187552 1040187552 1040187553 1040187554 1040187556 
max 1054359038 min 0

scanned 0 0 0 0 0 0 0 0 0 0 0 0 0 0 0 0 0 0 0 0 0 0 0 0 0 0 0 0 0 0 0 0 0 0 0 0 0 0 0 0 0 0 0 0 0 0 0 0 0 0 0 0 0 0 0 0 0 0 0 0 0 0 0 0 0 0 0 0 0 0 0 0 0 0 0 0 0 0 0 0 0 0 0 0 0 0 0 0 0 0 0 0 0 0 0 0 0 0 0 0 
max 103904 min 0

[Histogram] hey guys 111193 109287 220480 220480 8388608 
input 0 1040187394 1040187396 1040187398 1040187398 1040187398 1040187403 1040187403 1040187406 1040187407 1040187409 1040187409 1040187410 1040187414 1040187415 1040187419 1040187419 1040187424 1040187425 1040187426 1040187426 1040187430 1040187431 1040187433 1040187434 1040187435 1040187437 1040187437 1040187438 1040187438 1040187439 1040187442 1040187443 1040187445 1040187447 1040187447 1040187447 1040187450 1040187450 1040187451 1040187454 1040187457 1040187457 1040187458 1040187458 1040187459 1040187461 1040187461 1040187462 1040187463 1040187464 1040187464 1040187464 1040187464 1040187467 1040187469 1040187471 1040187477 1040187479 1040187481 1040187482 1040187483 1040187483 1040187484 1040187485 1040187485 1040187486 1040187488 1040187489 1040187492 1040187493 1040187499 1040187500 1040187501 1040187504 1040187507 1040187507 1040187507 1040187509 1040187510 1040187510 1040187525 1040187525 1040187529 1040187531 1040187532 1040187532 1040187538 1040187543 1040187544 1040187546 1040187546 1040187549 1040187549 1040187550 1040187552 1040187552 1040187553 1040187554 1040187556 
max 1054359038 min 0

scanned 0 0 0 0 0 0 0 0 0 0 0 0 0 0 0 0 0 0 0 0 0 0 0 0 0 0 0 0 0 0 0 0 0 0 0 0 0 0 0 0 0 0 0 0 0 0 0 0 0 0 0 0 0 0 0 0 0 0 0 0 0 0 0 0 0 0 0 0 0 0 0 0 0 0 0 0 0 0 0 0 0 0 0 0 0 0 0 0 0 0 0 0 0 0 0 0 0 0 0 0 
max 109286 min 0

[Histogram] hey guys 110891 109589 220480 220480 16777216 
input 0 1040187394 1040187396 1040187398 1040187398 1040187398 1040187403 1040187403 1040187406 1040187407 1040187409 1040187409 1040187410 1040187414 1040187415 1040187419 1040187419 1040187424 1040187425 1040187426 1040187426 1040187430 1040187431 1040187433 1040187434 1040187435 1040187437 1040187437 1040187438 1040187438 1040187439 1040187442 1040187443 1040187445 1040187447 1040187447 1040187447 1040187450 1040187450 1040187451 1040187454 1040187457 1040187457 1040187458 1040187458 1040187459 1040187461 1040187461 1040187462 1040187463 1040187464 1040187464 1040187464 1040187464 1040187467 1040187469 1040187471 1040187477 1040187479 1040187481 1040187482 1040187483 1040187483 1040187484 1040187485 1040187485 1040187486 1040187488 1040187489 1040187492 1040187493 1040187499 1040187500 1040187501 1040187504 1040187507 1040187507 1040187507 1040187509 1040187510 1040187510 1040187525 1040187525 1040187529 1040187531 1040187532 1040187532 1040187538 1040187543 1040187544 1040187546 1040187546 1040187549 1040187549 1040187550 1040187552 1040187552 1040187553 1040187554 1040187556 
max 1054359038 min 0

scanned 0 0 0 0 0 0 0 0 0 0 0 0 0 0 0 0 0 0 0 0 0 0 0 0 0 0 0 0 0 0 0 0 0 0 0 0 0 0 0 0 0 0 0 0 0 0 0 0 0 0 0 0 0 0 0 0 0 0 0 0 0 0 0 0 0 0 0 0 0 0 0 0 0 0 0 0 0 0 0 0 0 0 0 0 0 0 0 0 0 0 0 0 0 0 0 0 0 0 0 0 
max 109588 min 0

[Histogram] hey guys 109631 110849 220480 220480 33554432 
input 0 1040187394 1040187396 1040187398 1040187398 1040187398 1040187403 1040187403 1040187406 1040187407 1040187409 1040187409 1040187410 1040187414 1040187415 1040187419 1040187419 1040187424 1040187425 1040187426 1040187426 1040187430 1040187431 1040187433 1040187434 1040187435 1040187437 1040187437 1040187438 1040187438 1040187439 1040187442 1040187443 1040187445 1040187447 1040187447 1040187447 1040187450 1040187450 1040187451 1040187454 1040187457 1040187457 1040187458 1040187458 1040187459 1040187461 1040187461 1040187462 1040187463 1040187464 1040187464 1040187464 1040187464 1040187467 1040187469 1040187471 1040187477 1040187479 1040187481 1040187482 1040187483 1040187483 1040187484 1040187485 1040187485 1040187486 1040187488 1040187489 1040187492 1040187493 1040187499 1040187500 1040187501 1040187504 1040187507 1040187507 1040187507 1040187509 1040187510 1040187510 1040187525 1040187525 1040187529 1040187531 1040187532 1040187532 1040187538 1040187543 1040187544 1040187546 1040187546 1040187549 1040187549 1040187550 1040187552 1040187552 1040187553 1040187554 1040187556 
max 1054359038 min 0

scanned 0 0 1 2 3 4 5 6 7 8 9 10 11 12 13 14 15 16 17 18 19 20 21 22 23 24 25 26 27 28 29 30 31 32 33 34 35 36 37 38 39 40 41 42 43 44 45 46 47 48 49 50 51 52 53 54 55 56 57 58 59 60 61 62 63 64 65 66 67 68 69 70 71 72 73 74 75 76 77 78 79 80 81 82 83 84 85 86 87 88 89 90 91 92 93 94 95 96 97 98 
max 110849 min 0

[Histogram] hey guys 9 220471 220480 220480 67108864 
input 0 1007077712 1008248224 1008962048 1010879264 1011328072 1011393472 1012563224 1013211160 1013345560 1014401432 1014433600 1015330700 1017036784 1017164136 1017504448 1017627608 1017692812 1017747088 1018034616 1018094732 1018108960 1018927432 1018996008 1019683784 1019707568 1019713320 1019933660 1020418472 1020562836 1020586420 1020686588 1020793328 1020796876 1020828852 1021383868 1021523676 1021635840 1021648488 1021819048 1021989056 1022203764 1022343732 1022352808 1022702280 1022750200 1022823840 1022865592 1022898040 1023429396 1023437326 1023450816 1023481510 1023554734 1023604454 1023709062 1023711432 1023760464 1023807368 1023931004 1023943982 1023977694 1024080362 1024132544 1024137130 1024299054 1024329034 1024400662 1024471852 1024545132 1024713770 1024802302 1024855550 1024903826 1024976492 1025110210 1025145562 1025147134 1025243204 1025258570 1025299160 1025311190 1025339410 1025393872 1025396758 1025411586 1025427528 1025484920 1025508114 1025514944 1025566868 1025577940 1025579534 1025709568 1025736560 1025807700 1025836322 1025879480 1025911252 1025944944 
max 1054359038 min 0

scanned 0 0 1 2 3 4 5 6 7 8 9 10 11 12 13 14 15 16 17 18 19 20 21 22 23 24 25 26 27 28 29 30 31 32 33 34 35 36 37 38 39 40 41 42 43 44 45 46 47 48 49 50 51 52 53 54 55 56 57 58 59 60 61 62 63 64 65 66 67 68 69 70 71 72 73 74 75 76 77 78 79 80 81 82 83 84 85 86 87 88 89 90 91 92 93 94 95 96 97 98 
max 220471 min 0

[Histogram] hey guys 1 220479 220480 220480 134217728 
input 0 982948736 990573664 992529536 993125824 1000964400 1002323552 1002862624 1005979040 1007077712 1008248224 1008962048 1010879264 1011328072 1011393472 1012563224 1013211160 1013345560 1014401432 1014433600 1015330700 1017036784 1017164136 1017504448 1017627608 1017692812 1017747088 1018034616 1018094732 1018108960 1018927432 1018996008 1019683784 1019707568 1019713320 1019933660 1020418472 1020562836 1020586420 1020686588 1020793328 1020796876 1020828852 1021383868 1021523676 1021635840 1021648488 1021819048 1021989056 1022203764 1022343732 1022352808 1022702280 1022750200 1022823840 1022865592 1022898040 1023429396 1023437326 1023450816 1023481510 1023554734 1023604454 1023709062 1023711432 1023760464 1023807368 1023931004 1023943982 1023977694 1024080362 1024132544 1024137130 1024299054 1024329034 1024400662 1024471852 1024545132 1024713770 1024802302 1024855550 1024903826 1024976492 1025110210 1025145562 1025147134 1025243204 1025258570 1025299160 1025311190 1025339410 1025393872 1025396758 1025411586 1025427528 1025484920 1025508114 1025514944 1025566868 1025577940 
max 1054359038 min 0

scanned 0 0 1 2 3 4 5 6 7 8 9 10 11 12 13 14 15 16 17 18 19 20 21 22 23 24 25 26 27 28 29 30 31 32 33 34 35 36 37 38 39 40 41 42 43 44 45 46 47 48 49 50 51 52 53 54 55 56 57 58 59 60 61 62 63 64 65 66 67 68 69 70 71 72 73 74 75 76 77 78 79 80 81 82 83 84 85 86 87 88 89 90 91 92 93 94 95 96 97 98 
max 220478 min 0

[Histogram] hey guys 1 220479 220480 220480 268435456 
input 0 982948736 990573664 992529536 993125824 1000964400 1002323552 1002862624 1005979040 1007077712 1008248224 1008962048 1010879264 1011328072 1011393472 1012563224 1013211160 1013345560 1014401432 1014433600 1015330700 1017036784 1017164136 1017504448 1017627608 1017692812 1017747088 1018034616 1018094732 1018108960 1018927432 1018996008 1019683784 1019707568 1019713320 1019933660 1020418472 1020562836 1020586420 1020686588 1020793328 1020796876 1020828852 1021383868 1021523676 1021635840 1021648488 1021819048 1021989056 1022203764 1022343732 1022352808 1022702280 1022750200 1022823840 1022865592 1022898040 1023429396 1023437326 1023450816 1023481510 1023554734 1023604454 1023709062 1023711432 1023760464 1023807368 1023931004 1023943982 1023977694 1024080362 1024132544 1024137130 1024299054 1024329034 1024400662 1024471852 1024545132 1024713770 1024802302 1024855550 1024903826 1024976492 1025110210 1025145562 1025147134 1025243204 1025258570 1025299160 1025311190 1025339410 1025393872 1025396758 1025411586 1025427528 1025484920 1025508114 1025514944 1025566868 1025577940 
max 1054359038 min 0

scanned 0 0 1 2 3 4 5 6 7 8 9 10 11 12 13 14 15 16 17 18 19 20 21 22 23 24 25 26 27 28 29 30 31 32 33 34 35 36 37 38 39 40 41 42 43 44 45 46 47 48 49 50 51 52 53 54 55 56 57 58 59 60 61 62 63 64 65 66 67 68 69 70 71 72 73 74 75 76 77 78 79 80 81 82 83 84 85 86 87 88 89 90 91 92 93 94 95 96 97 98 
max 220478 min 0

[Histogram] hey guys 1 220479 220480 220480 536870912 
input 0 982948736 990573664 992529536 993125824 1000964400 1002323552 1002862624 1005979040 1007077712 1008248224 1008962048 1010879264 1011328072 1011393472 1012563224 1013211160 1013345560 1014401432 1014433600 1015330700 1017036784 1017164136 1017504448 1017627608 1017692812 1017747088 1018034616 1018094732 1018108960 1018927432 1018996008 1019683784 1019707568 1019713320 1019933660 1020418472 1020562836 1020586420 1020686588 1020793328 1020796876 1020828852 1021383868 1021523676 1021635840 1021648488 1021819048 1021989056 1022203764 1022343732 1022352808 1022702280 1022750200 1022823840 1022865592 1022898040 1023429396 1023437326 1023450816 1023481510 1023554734 1023604454 1023709062 1023711432 1023760464 1023807368 1023931004 1023943982 1023977694 1024080362 1024132544 1024137130 1024299054 1024329034 1024400662 1024471852 1024545132 1024713770 1024802302 1024855550 1024903826 1024976492 1025110210 1025145562 1025147134 1025243204 1025258570 1025299160 1025311190 1025339410 1025393872 1025396758 1025411586 1025427528 1025484920 1025508114 1025514944 1025566868 1025577940 
max 1054359038 min 0

scanned 0 0 1 2 3 4 5 6 7 8 9 10 11 12 13 14 15 16 17 18 19 20 21 22 23 24 25 26 27 28 29 30 31 32 33 34 35 36 37 38 39 40 41 42 43 44 45 46 47 48 49 50 51 52 53 54 55 56 57 58 59 60 61 62 63 64 65 66 67 68 69 70 71 72 73 74 75 76 77 78 79 80 81 82 83 84 85 86 87 88 89 90 91 92 93 94 95 96 97 98 
max 220478 min 0

[Histogram] hey guys 220480 0 220480 220480 1073741824 
input 0 982948736 990573664 992529536 993125824 1000964400 1002323552 1002862624 1005979040 1007077712 1008248224 1008962048 1010879264 1011328072 1011393472 1012563224 1013211160 1013345560 1014401432 1014433600 1015330700 1017036784 1017164136 1017504448 1017627608 1017692812 1017747088 1018034616 1018094732 1018108960 1018927432 1018996008 1019683784 1019707568 1019713320 1019933660 1020418472 1020562836 1020586420 1020686588 1020793328 1020796876 1020828852 1021383868 1021523676 1021635840 1021648488 1021819048 1021989056 1022203764 1022343732 1022352808 1022702280 1022750200 1022823840 1022865592 1022898040 1023429396 1023437326 1023450816 1023481510 1023554734 1023604454 1023709062 1023711432 1023760464 1023807368 1023931004 1023943982 1023977694 1024080362 1024132544 1024137130 1024299054 1024329034 1024400662 1024471852 1024545132 1024713770 1024802302 1024855550 1024903826 1024976492 1025110210 1025145562 1025147134 1025243204 1025258570 1025299160 1025311190 1025339410 1025393872 1025396758 1025411586 1025427528 1025484920 1025508114 1025514944 1025566868 1025577940 
max 1054359038 min 0

scanned 0 0 0 0 0 0 0 0 0 0 0 0 0 0 0 0 0 0 0 0 0 0 0 0 0 0 0 0 0 0 0 0 0 0 0 0 0 0 0 0 0 0 0 0 0 0 0 0 0 0 0 0 0 0 0 0 0 0 0 0 0 0 0 0 0 0 0 0 0 0 0 0 0 0 0 0 0 0 0 0 0 0 0 0 0 0 0 0 0 0 0 0 0 0 0 0 0 0 0 0 
max 0 min 0

[Histogram] hey guys 220480 0 220480 220480 -2147483648 
input 0 982948736 990573664 992529536 993125824 1000964400 1002323552 1002862624 1005979040 1007077712 1008248224 1008962048 1010879264 1011328072 1011393472 1012563224 1013211160 1013345560 1014401432 1014433600 1015330700 1017036784 1017164136 1017504448 1017627608 1017692812 1017747088 1018034616 1018094732 1018108960 1018927432 1018996008 1019683784 1019707568 1019713320 1019933660 1020418472 1020562836 1020586420 1020686588 1020793328 1020796876 1020828852 1021383868 1021523676 1021635840 1021648488 1021819048 1021989056 1022203764 1022343732 1022352808 1022702280 1022750200 1022823840 1022865592 1022898040 1023429396 1023437326 1023450816 1023481510 1023554734 1023604454 1023709062 1023711432 1023760464 1023807368 1023931004 1023943982 1023977694 1024080362 1024132544 1024137130 1024299054 1024329034 1024400662 1024471852 1024545132 1024713770 1024802302 1024855550 1024903826 1024976492 1025110210 1025145562 1025147134 1025243204 1025258570 1025299160 1025311190 1025339410 1025393872 1025396758 1025411586 1025427528 1025484920 1025508114 1025514944 1025566868 1025577940 
max 1054359038 min 0

scanned 0 0 0 0 0 0 0 0 0 0 0 0 0 0 0 0 0 0 0 0 0 0 0 0 0 0 0 0 0 0 0 0 0 0 0 0 0 0 0 0 0 0 0 0 0 0 0 0 0 0 0 0 0 0 0 0 0 0 0 0 0 0 0 0 0 0 0 0 0 0 0 0 0 0 0 0 0 0 0 0 0 0 0 0 0 0 0 0 0 0 0 0 0 0 0 0 0 0 0 0 
max 0 min 0


Your code ran in: 221.430756 msecs.
